Datum:	05.04.2024_08:42
WA:	Taktil 3 Dur
ENTY:	612841
ZUDR:	199581
Rohrl nge:	381,00

Offsets:
M1 Nut 1:	-0,057
Konstantbereich Nut 1:	0,057
Bypass Nut 1:	0,012
Konstantbereich Nut 2:	0,000
Bypass Nut 2:	0,000
Konstantbereich Nut 3:	0,000
Bypass Nut 3:	0,000
Konstantes Leck:	2,729

Messdaten:
3,570	4,050	4,550	5,060	5,550	6,050	6,540	7,040	7,540	8,040	8,540	9,040	9,540	10,040	10,540	11,040	11,540	12,040	12,540	13,040	13,540	14,040	14,540	15,040	15,540	16,040	16,540	17,040	17,540	18,040	18,540	19,040	19,540	20,040	20,540	21,040	21,540	22,040	22,540	23,040	23,540	24,040	24,540	25,040	25,540	26,040	26,540	27,040	27,540	28,040	28,540	29,040	29,540	30,040	30,540	31,040	31,540	32,040	32,540	33,040	33,540	34,040	34,540	35,040	35,540	36,040	36,540	37,040	37,540	38,040	38,540	39,040	39,540	40,040	40,540	41,040	41,540	42,040	42,540	43,040	43,540	44,040	44,540	45,040	45,540	46,040	46,540	47,040	47,540	48,040	48,540	49,040	49,540	50,040	50,530	51,040	51,530	52,040	52,540	53,040	53,530	54,040	54,540	55,040	55,540	56,040	56,540	57,040	57,540	58,040	58,530	59,040	59,540	60,040	60,530	61,030	61,540	62,040	62,530	63,040	63,540	64,040	64,530	65,040	65,540	66,040	66,540	67,040	67,540	68,030	68,530	69,040	69,530	70,030	70,530	71,040	71,530	72,040	72,530	73,040	73,540	74,030	74,540	75,040	75,540	76,040	76,530	77,040	77,530	78,030	78,530	79,040	79,540	80,040	80,540	81,040	81,530	82,040	82,540	83,040	83,530	84,040	84,530	85,040	85,530	86,040	86,540	87,040	87,540	88,030	88,540	89,040	89,540	90,040	90,540	91,040	91,530	92,030	92,530	93,030	93,530	94,030	94,530	95,030	95,530	96,030	96,530	97,030	97,530	98,030	98,530	99,030	99,530	100,030	100,530	101,030	101,530	102,030	102,530	103,030	103,530	104,030	104,530	105,030	105,530	106,030	106,530	107,030	107,530	108,030	108,530	109,030	109,530	110,030	110,530	111,030	111,530	112,030	112,530	113,030	113,530	114,030	114,530	115,030	115,530	116,030	116,530	117,030	117,530	118,030	118,530	119,030	119,530	120,030	120,530	121,030	121,530	122,030	122,530	123,030	123,530	124,030	124,530	125,030	125,530	126,030	126,530	127,030	127,530	128,030	128,530	129,030	129,530	130,030	130,530	131,030	131,530	132,040	132,540	133,040	133,540	134,040	134,540	135,040	135,540	136,040	136,540	137,040	137,540	138,040	138,540	139,040	139,540	140,040	140,540	141,040	141,540	142,040	142,540	143,040	143,540	144,040	144,540	145,040	145,540	146,040	146,540	147,040	147,540	148,040	148,540	149,040	149,540	150,040	150,540	151,040	151,540	152,040	152,540	153,040	153,540	154,040	154,540	155,040	155,540	156,040	156,540	157,040	157,540	158,040	158,540	159,040	159,540	160,040	160,540	161,040	161,540	162,040	162,540	163,040	163,540	164,040	164,540	165,040	165,540	166,040	166,540	167,040	167,540	168,040	168,540	169,040	169,540	170,040	170,540	171,040	171,540	172,040	172,540	173,040	173,540	174,040	174,540	175,040	175,540	176,040	176,540	177,040	177,540	178,040	178,540	179,040	179,540	180,040	180,540	181,040	181,540	182,040	182,540	183,040	183,540	184,040	184,540	185,040	185,540	186,040	186,540	187,040	187,540	188,040	188,540	189,040	189,540	190,040	190,540	191,040	191,540	192,040	192,540	193,040	193,540	194,040	194,540	195,040	195,540	196,040	196,540	197,040	197,540	198,040	198,540	199,040	199,540	200,040	200,540	201,040	201,540	202,040	202,540	203,040	203,540	204,040	204,540	205,040	205,540	206,040	206,540	207,040	207,540	208,040	208,540	209,040	209,540	210,040	210,540	211,040	211,540	212,040	212,540	213,040	213,540	214,040	214,540	215,040	215,540	216,040	216,540	217,040	217,540	218,040	218,540	219,040	219,540	220,040	220,540	221,040	221,540	222,040	222,540	223,040	223,540	224,040	224,540	225,040	225,540	226,040	226,540	227,040	227,540	228,040	228,540	229,040	229,540	230,040	230,540	231,040	231,540	232,040	232,540	233,030	233,530	234,030	234,530	235,030	235,530	236,030	236,530	237,030	237,530	238,030	238,530	239,030	239,530	240,030	240,530	241,030	241,530	242,030	242,530	243,030	243,530	244,030	244,530	245,030	245,530	246,030	246,530	247,030	247,530	248,030	248,530	249,030	249,530	250,030	250,530	251,030	251,530	252,030	252,530	253,030	253,530	254,030	254,530	255,030	255,530	256,030	256,530	257,030	257,530	258,030	258,530	259,030	259,530	260,030	260,530	261,030	261,530	262,030	262,530	263,030	263,530	264,030	264,530	265,030	265,530	266,030	266,530	267,030	267,530	268,030	268,530	269,030	269,530	270,030	270,530	271,030	271,530	272,030	272,530	273,030	273,530	274,030	274,530	275,030	275,530	276,030	276,540	277,030	277,540	278,040	278,530	279,040	279,540	280,030	280,540	281,040	281,530	282,040	282,540	283,030	283,540	284,040	284,530	285,040	285,540	286,030	286,540	287,040	287,530	288,040	288,540	289,030	289,540	290,040	290,530	291,040	291,540	292,040	292,540	293,040	293,540	294,040	294,540	295,040	295,540	296,040	296,540	297,040	297,540	298,040	298,540	299,040	299,540	300,040	300,540	301,040	301,540	302,040	302,540	303,040	303,540	304,040	304,540	305,040	305,540	306,040	306,540	307,040	307,540	308,040	308,540	309,040	309,540	310,040	310,540	311,040	311,540	312,040	312,540	313,040	313,540	314,040	314,540	315,040	315,540	316,040	316,540	317,040	317,540	318,040	318,540	319,040	319,540	320,040	320,540	321,040	321,540	322,040	322,540	323,040	323,540	324,040	324,540	325,040	325,540	326,040	326,540	327,040	327,540	328,040	328,540	329,040	329,540	330,040	330,540	331,040	331,540	332,040	332,540	333,040	333,540	334,040	334,540	335,040	335,540	336,040	336,540	337,040	337,540	338,040	338,540	339,040	339,540	340,040	340,540	341,040	341,540	342,040	342,540	343,040	343,540	344,040	344,540	345,040	345,540	346,040	346,540	347,040	347,540	348,040	348,540	349,040	349,540	350,040	350,540	351,040	351,540	352,040	352,540	353,040	353,540	354,040	354,540	355,040	355,540	356,040	356,540	357,040	357,540	358,040	358,540	359,040	359,540	360,040	360,540	361,040	361,540	362,040	362,540	363,040	363,540	364,040	364,540	365,040	365,540	366,040	366,540	367,040	367,540	368,040	368,540	369,040	369,540	370,040	370,540	371,040	371,540	372,040	372,540	373,040	373,540	374,060	374,550	375,070	375,570	376,020
-1,517	-2,767	-3,400	-4,050	-5,033	-4,983	-5,000	-4,800	-5,183	-5,067	-5,233	-5,033	-5,050	-4,983	-4,733	-4,783	-4,983	-4,983	-4,933	-5,033	-5,033	-4,983	-4,917	-4,783	-4,850	-5,033	-5,033	-5,050	-4,967	-5,100	-5,183	-5,167	-4,783	-4,850	-4,683	-4,767	-4,883	-5,067	-5,117	-4,967	-4,917	-5,283	-5,133	-4,900	-4,950	-4,917	-4,933	-5,050	-5,167	-4,900	-5,150	-5,067	-4,917	-4,867	-4,867	-4,867	-4,783	-4,933	-4,967	-5,267	-4,850	-5,133	-4,867	-5,000	-4,833	-4,833	-5,183	-5,033	-5,033	-5,050	-5,033	-5,050	-5,117	-4,983	-4,867	-5,050	-5,000	-5,000	-5,100	-5,117	-4,967	-5,050	-4,850	-4,833	-4,800	-4,967	-5,033	-4,767	-5,050	-5,150	-5,183	-5,217	-5,100	-4,867	-4,800	-4,900	-5,100	-5,133	-4,983	-5,050	-4,917	-5,233	-4,933	-5,050	-4,967	-4,933	-4,917	-5,117	-5,000	-4,967	-5,133	-5,067	-5,067	-4,917	-4,783	-4,800	-4,967	-5,100	-4,983	-5,100	-4,983	-4,917	-5,217	-4,900	-4,933	-4,967	-5,050	-5,117	-5,050	-5,233	-5,133	-4,983	-4,950	-4,950	-4,833	-4,733	-5,233	-5,050	-4,867	-4,967	-5,250	-5,083	-4,850	-4,933	-4,900	-4,783	-5,083	-5,050	-4,933	-4,983	-5,100	-5,017	-4,917	-4,833	-4,933	-5,117	-5,067	-4,917	-4,967	-5,150	-4,833	-5,033	-4,900	-4,767	-5,033	-4,933	-4,950	-4,933	-5,033	-4,933	-5,150	-4,833	-4,883	-4,633	-4,867	-4,850	-4,850	-4,933	-4,783	-4,983	-5,067	-5,217	-4,967	-4,700	-4,850	-4,833	-5,083	-5,200	-4,917	-5,183	-5,283	-5,167	-5,000	-4,850	-4,833	-5,050	-5,000	-4,983	-5,100	-5,067	-5,050	-5,067	-4,917	-4,700	-4,933	-4,833	-5,067	-5,017	-4,883	-5,133	-4,967	-4,917	-4,917	-4,917	-4,717	-4,967	-4,950	-4,867	-4,833	-5,150	-4,967	-4,900	-4,833	-4,767	-4,817	-5,083	-5,183	-5,033	-5,050	-4,983	-5,050	-4,950	-4,900	-4,733	-4,783	-5,067	-5,200	-5,100	-4,900	-5,100	-5,183	-5,033	-5,050	-4,833	-4,933	-4,967	-4,900	-5,100	-4,783	-5,050	-5,167	-5,067	-4,817	-4,933	-4,900	-4,767	-5,150	-5,133	-5,117	-5,150	-5,100	-5,233	-4,967	-4,983	-4,817	-4,700	-5,150	-5,017	-5,083	-5,183	-5,050	-5,033	-4,967	-4,900	-4,733	-4,967	-5,050	-5,050	-5,100	-5,150	-5,083	-5,167	-4,917	-5,067	-4,967	-4,967	-5,250	-5,117	-4,917	-5,067	-5,200	-5,233	-4,967	-4,917	-4,833	-5,050	-4,900	-5,100	-5,017	-5,000	-5,083	-5,067	-4,800	-5,000	-4,767	-4,900	-5,033	-5,050	-4,983	-4,917	-5,200	-5,133	-4,950	-5,033	-4,717	-4,783	-4,983	-4,917	-5,083	-5,050	-5,200	-4,967	-5,000	-4,800	-4,683	-5,050	-5,000	-4,900	-5,200	-5,167	-5,183	-5,017	-4,950	-4,983	-4,933	-4,783	-5,117	-5,033	-5,117	-5,167	-5,067	-5,100	-5,100	-4,767	-4,783	-4,650	-5,017	-5,067	-5,017	-5,200	-5,017	-4,933	-5,033	-4,667	-4,767	-4,800	-5,150	-5,167	-5,133	-5,183	-4,817	-5,083	-5,050	-4,900	-4,783	-4,783	-5,083	-4,883	-5,150	-5,000	-4,967	-5,183	-5,050	-4,983	-5,033	-5,017	-4,733	-5,100	-4,950	-4,750	-5,083	-5,183	-4,917	-4,667	-4,767	-4,883	-4,867	-5,033	-5,033	-5,067	-5,067	-5,167	-5,233	-4,900	-4,733	-4,850	-5,000	-5,200	-5,033	-5,017	-5,050	-5,117	-4,850	-4,917	-4,667	-4,867	-5,117	-5,050	-5,100	-5,100	-5,133	-5,000	-4,983	-4,900	-4,567	-4,867	-5,017	-5,117	-5,050	-4,950	-5,133	-5,033	-4,917	-5,000	-5,017	-4,783	-4,867	-5,117	-5,167	-5,200	-5,200	-5,067	-5,000	-4,900	-4,650	-5,017	-4,983	-5,117	-5,167	-4,933	-5,183	-5,000	-5,100	-4,983	-4,850	-4,850	-4,867	-5,067	-4,933	-5,017	-5,183	-4,867	-5,183	-4,817	-4,833	-4,783	-4,967	-5,083	-5,183	-5,133	-5,183	-4,933	-4,867	-4,900	-5,050	-5,033	-5,000	-5,033	-4,933	-5,233	-4,983	-4,967	-4,733	-5,067	-4,800	-4,967	-4,967	-4,817	-4,933	-4,983	-5,200	-5,133	-5,033	-4,900	-4,833	-5,050	-4,933	-4,800	-4,767	-5,133	-5,117	-5,117	-4,950	-4,650	-4,900	-4,850	-4,950	-4,900	-5,017	-5,000	-5,100	-4,933	-5,017	-4,883	-5,000	-4,833	-5,000	-5,183	-4,733	-5,033	-5,017	-4,933	-4,967	-4,850	-4,867	-4,850	-5,100	-5,000	-4,833	-5,067	-5,100	-4,967	-5,050	-4,900	-4,700	-4,917	-5,200	-4,900	-5,167	-5,300	-5,283	-5,250	-4,850	-5,000	-4,700	-4,883	-5,067	-5,150	-4,883	-5,100	-5,133	-5,000	-4,867	-4,800	-4,733	-4,700	-5,067	-4,950	-5,100	-5,000	-5,150	-5,133	-5,117	-4,850	-4,750	-4,917	-5,067	-5,133	-5,150	-5,133	-4,900	-5,117	-4,867	-4,800	-4,850	-4,800	-5,033	-4,983	-4,983	-5,150	-5,050	-5,250	-5,083	-4,783	-4,867	-4,717	-4,867	-4,967	-5,033	-5,100	-5,000	-5,167	-5,067	-4,750	-4,917	-4,783	-5,067	-5,067	-5,033	-5,050	-5,000	-4,983	-4,900	-4,933	-4,933	-4,917	-5,067	-5,300	-4,850	-5,100	-4,917	-5,100	-5,050	-4,883	-4,900	-4,833	-5,100	-4,950	-5,200	-4,917	-5,183	-5,017	-5,033	-4,883	-4,950	-4,883	-4,767	-4,817	-5,133	-5,050	-4,967	-4,967	-4,833	-4,800	-5,050	-4,850	-5,050	-5,100	-5,133	-5,183	-5,283	-5,117	-5,100	-4,967	-4,833	-4,867	-4,933	-4,967	-5,033	-5,150	-5,167	-4,983	-4,933	-4,850	-4,833	-4,933	-5,217	-5,100	-5,033	-5,200	-5,067	-5,200	-4,967	-4,900	-5,133	-5,000	-4,900	-4,983	-5,117	-5,133	-4,883	-5,067	-4,867	-5,050	-4,783	-5,050	-4,783	-5,083	-5,000	-5,233	-5,167	-5,150	-5,100	-4,933	-4,917	-5,167	-5,033	-5,133	-5,283	-5,300	-5,083	-5,100	-5,000	-4,800	-4,733	-4,767	-4,933	-4,900	-4,900	-5,200	-4,983	-5,133	-5,017	-4,700	-4,833	-4,883	-5,067	-5,000	-5,150	-4,800	-5,067	-5,117	-4,900	-4,983	-4,967	-4,833	-4,983	-5,200	-4,867	-5,000	-4,983	-5,117	-5,050	-4,900	-4,783	-4,667	-5,033	-5,133	-4,767	-5,033	-4,967	-4,983	-4,883	-4,717	-4,933	-4,983	-4,917	-5,050	-5,133	-5,050	-5,233	-4,983	-4,983	-4,917	-4,583	-4,767	-5,050	-4,800	-5,033	-5,167	-5,200	-4,617	-3,783	-3,000	-2,017	-0,050
2,712	2,719	2,719	2,721	2,728	2,724	2,722	2,726	2,727	2,726	2,725	2,723	2,725	2,725	2,730	2,739	2,740	2,738	2,733	2,733	2,729	2,726	2,721	2,719	2,725	2,730	2,733	2,736	2,738	2,737	2,734	2,733	2,735	2,733	2,733	2,728	2,732	2,732	2,734	2,731	2,721	2,716	2,715	2,714	2,715	2,719	2,716	2,713	2,712	2,712	2,714	2,714	2,716	2,718	2,714	2,708	2,701	2,700	2,702	2,717	2,736	2,757	2,791	2,855	2,931	2,984	3,035	3,070	3,089	3,104	3,124	3,145	3,162	3,180	3,196	3,206	3,218	3,233	3,253	3,284	3,311	3,334	3,355	3,370	3,385	3,407	3,440	3,474	3,499	3,518	3,540	3,557	3,574	3,600	3,630	3,651	3,671	3,692	3,714	3,735	3,753	3,771	3,790	3,812	3,837	3,867	3,896	3,920	3,948	3,972	3,990	4,007	4,037	4,072	4,103	4,132	4,154	4,172	4,208	4,263	4,310	4,349	4,383	4,409	4,431	4,463	4,494	4,526	4,559	4,603	4,650	4,690	4,727	4,757	4,783	4,805	4,836	4,896	4,957	5,009	5,045	5,078	5,122	5,175	5,217	5,263	5,304	5,342	5,382	5,434	5,486	5,529	5,571	5,619	5,670	5,715	5,770	5,826	5,873	5,917	5,962	6,008	6,052	6,086	6,166	6,250	6,325	6,388	6,438	6,498	6,583	6,667	6,747	6,810	6,861	6,909	6,958	7,007	7,045	7,077	7,103	7,120	7,135	7,146	7,150	7,152	7,151	7,151	7,157	7,162	7,169	7,167	7,167	7,171	7,180	7,181	7,185	7,188	7,193	7,195	7,196	7,201	7,205	7,207	7,213	7,215	7,218	7,221	7,218	7,228	7,231	7,229	7,232	7,234	7,231	7,234	7,243	7,247	7,242	7,239	7,243	7,248	7,243	7,238	7,236	7,237	7,242	7,251	7,252	7,250	7,247	7,248	7,244	7,248	7,245	7,241	7,241	7,238	7,237	7,229	7,225	7,219	7,218	7,215	7,213	7,210	7,209	7,213	7,210	7,208	7,207	7,206	7,210	7,209	7,205	7,204	7,202	7,204	7,202	7,199	7,198	7,199	7,200	7,201	7,209	7,215	7,214	7,211	7,213	7,215	7,222	7,223	7,219	7,218	7,222	7,228	7,226	7,220	7,221	7,217	7,224	7,233	7,234	7,235	7,230	7,229	7,231	7,236	7,236	7,236	7,239	7,237	7,233	7,234	7,241	7,236	7,234	7,232	7,233	7,236	7,244	7,246	7,244	7,241	7,244	7,238	7,239	7,233	7,230	7,227	7,217	7,213	7,217	7,222	7,230	7,227	7,215	7,210	7,215	7,213	7,213	7,214	7,214	7,209	7,205	7,203	7,209	7,207	7,203	7,200	7,197	7,203	7,204	7,199	7,207	7,208	7,209	7,209	7,207	7,209	7,209	7,215	7,216	7,214	7,213	7,216	7,215	7,214	7,218	7,225	7,230	7,232	7,238	7,240	7,241	7,235	7,239	7,247	7,245	7,246	7,250	7,249	7,255	7,257	7,252	7,250	7,246	7,245	7,245	7,256	7,257	7,255	7,258	7,261	7,257	7,257	7,261	7,261	7,262	7,258	7,253	7,250	7,247	7,246	7,242	7,237	7,239	7,235	7,236	7,236	7,233	7,232	7,231	7,238	7,243	7,245	7,246	7,242	7,240	7,231	7,227	7,225	7,219	7,214	7,214	7,214	7,215	7,214	7,213	7,211	7,205	7,201	7,200	7,207	7,210	7,212	7,214	7,216	7,218	7,214	7,214	7,215	7,222	7,228	7,230	7,236	7,242	7,247	7,240	7,231	7,229	7,234	7,235	7,232	7,229	7,228	7,229	7,234	7,237	7,232	7,213	7,212	7,216	7,226	7,229	7,229	7,227	7,227	7,228	7,226	7,220	7,225	7,226	7,224	7,223	7,224	7,222	7,220	7,220	7,215	7,213	7,209	7,201	7,184	7,177	7,166	7,159	7,151	7,143	7,123	7,103	7,084	7,062	7,035	7,010	6,990	6,978	6,980	6,988	7,001	7,013	7,023	7,027	7,037	7,051	7,063	7,067	7,069	7,072	7,077	7,084	7,083	7,093	7,099	7,099	7,097	7,097	7,102	7,098	7,101	7,105	7,108	7,119	7,127	7,134	7,133	7,132	7,140	7,140	7,147	7,156	7,158	7,159	7,157	7,158	7,165	7,165	7,163	7,167	7,178	7,181	7,182	7,189	7,192	7,189	7,181	7,176	7,176	7,181	7,193	7,202	7,204	7,202	7,199	7,194	7,191	7,186	7,185	7,183	7,183	7,179	7,177	7,177	7,170	7,162	7,163	7,164	7,165	7,170	7,174	7,176	7,180	7,180	7,179	7,182	7,188	7,191	7,198	7,196	7,188	7,185	7,187	7,191	7,188	7,180	7,174	7,173	7,172	7,179	7,188	7,188	7,186	7,183	7,189	7,186	7,187	7,181	7,183	7,180	7,184	7,189	7,196	7,198	7,197	7,195	7,187	7,179	7,177	7,179	7,170	7,176	7,180	7,179	7,184	7,189	7,199	7,207	7,210	7,208	7,210	7,214	7,214	7,210	7,203	7,199	7,208	7,210	7,211	7,215	7,219	7,222	7,218	7,216	7,210	7,211	7,218	7,221	7,221	7,224	7,231	7,219	7,212	7,208	7,208	7,205	7,198	7,197	7,197	7,200	7,199	7,193	7,187	7,184	7,175	7,174	7,170	7,167	7,167	7,171	7,163	7,146	7,132	7,127	7,116	7,105	7,098	7,087	7,080	7,069	7,065	7,066	7,069	7,068	7,076	7,092	7,104	7,102	7,094	7,083	7,075	7,077	7,084	7,102	7,123	7,139	7,142	7,138	7,133	7,125	7,122	7,122	7,113	7,105	7,091	7,076	7,072	7,055	7,031	7,007	6,997	6,995	6,990	6,998	7,016	7,039	7,042	7,039	7,046	7,058	7,070	7,081	7,090	7,103	7,113	7,116	7,123	7,117	7,107	7,107	7,113	7,118	7,115	7,113	7,097	7,076	7,055	7,043	6,975	5,997	5,062	4,398	3,918	3,641	3,520	3,481	3,466	3,457	3,450	3,447	3,443	3,436	3,420	3,405	3,392	3,379	3,373	3,335	3,054	2,790	2,626	2,524	2,480	2,455	2,432	2,415	2,335	2,037	1,825	1,699	1,606	1,550	1,513	1,491	1,624	2,054	2,540
28,808	28,808	28,808	28,808	28,808	28,808	28,808	28,808	28,808	28,808	28,808	28,808	28,808	28,808	28,808	28,808	28,808	28,808	28,808	28,808	28,808	28,808	28,808	28,808	28,808	28,808	28,808	28,808	28,808	28,808	28,808	28,808	28,808	28,808	28,808	28,808	28,808	28,808	28,808	28,808	28,808	28,808	28,808	28,808	28,808	28,808	28,808	28,808	28,808	28,808	28,808	28,808	28,808	28,808	28,808	28,808	28,808	28,808	28,808	28,808	28,808	28,808	28,808	28,808	28,808	28,808	28,808	28,808	28,808	28,808	28,808	28,808	28,808	28,808	28,808	28,808	28,808	28,808	28,808	28,808	28,808	28,808	28,808	28,808	28,808	28,808	28,808	28,808	28,808	28,808	28,808	28,806	28,806	28,806	28,806	28,806	28,806	28,806	28,806	28,806	28,806	28,806	28,806	28,806	28,806	28,806	28,806	28,806	28,806	28,806	28,806	28,806	28,806	28,806	28,806	28,806	28,806	28,806	28,806	28,806	28,806	28,806	28,806	28,806	28,806	28,806	28,806	28,806	28,806	28,806	28,806	28,806	28,806	28,806	28,806	28,806	28,806	28,806	28,806	28,806	28,806	28,806	28,806	28,806	28,806	28,806	28,806	28,806	28,806	28,806	28,806	28,806	28,806	28,806	28,806	28,806	28,806	28,806	28,806	28,806	28,806	28,806	28,806	28,806	28,806	28,806	28,806	28,806	28,806	28,806	28,806	28,806	28,806	28,806	28,806	28,806	28,806	28,806	28,806	28,806	28,806	28,806	28,806	28,806	28,806	28,806	28,806	28,806	28,806	28,806	28,806	28,806	28,806	28,806	28,806	28,806	28,806	28,806	28,806	28,806	28,806	28,806	28,806	28,806	28,806	28,806	28,806	28,806	28,806	28,806	28,806	28,806	28,806	28,806	28,806	28,806	28,806	28,806	28,806	28,806	28,806	28,806	28,806	28,806	28,806	28,806	28,806	28,806	28,806	28,806	28,806	28,806	28,806	28,806	28,806	28,806	28,806	28,806	28,806	28,806	28,806	28,806	28,806	28,806	28,806	28,806	28,806	28,806	28,806	28,806	28,806	28,806	28,806	28,806	28,806	28,806	28,806	28,806	28,806	28,806	28,806	28,806	28,806	28,806	28,806	28,806	28,806	28,806	28,806	28,806	28,806	28,806	28,806	28,806	28,806	28,806	28,806	28,806	28,806	28,806	28,806	28,806	28,806	28,806	28,806	28,806	28,806	28,806	28,806	28,806	28,806	28,806	28,806	28,806	28,806	28,806	28,806	28,806	28,806	28,806	28,806	28,806	28,806	28,806	28,806	28,806	28,806	28,806	28,806	28,806	28,806	28,806	28,806	28,806	28,806	28,806	28,806	28,806	28,806	28,806	28,806	28,806	28,806	28,806	28,806	28,806	28,806	28,806	28,806	28,806	28,806	28,806	28,806	28,806	28,806	28,806	28,806	28,806	28,806	28,806	28,806	28,806	28,806	28,806	28,806	28,806	28,806	28,806	28,806	28,806	28,806	28,806	28,806	28,806	28,806	28,806	28,806	28,806	28,806	28,806	28,806	28,806	28,806	28,806	28,806	28,806	28,806	28,806	28,806	28,806	28,806	28,806	28,806	28,804	28,804	28,804	28,804	28,804	28,804	28,804	28,804	28,804	28,804	28,804	28,804	28,804	28,804	28,804	28,804	28,804	28,804	28,804	28,804	28,804	28,804	28,804	28,804	28,804	28,804	28,804	28,804	28,804	28,804	28,804	28,804	28,804	28,804	28,804	28,804	28,804	28,804	28,804	28,804	28,804	28,804	28,804	28,804	28,804	28,804	28,804	28,804	28,804	28,804	28,804	28,804	28,804	28,804	28,804	28,804	28,804	28,804	28,804	28,804	28,804	28,804	28,804	28,804	28,804	28,804	28,804	28,804	28,804	28,804	28,804	28,804	28,804	28,804	28,804	28,804	28,804	28,804	28,804	28,804	28,804	28,804	28,804	28,804	28,804	28,804	28,804	28,804	28,804	28,804	28,804	28,804	28,804	28,804	28,804	28,804	28,804	28,804	28,804	28,804	28,804	28,804	28,804	28,804	28,804	28,804	28,804	28,804	28,804	28,804	28,804	28,804	28,804	28,804	28,804	28,804	28,804	28,804	28,804	28,804	28,804	28,804	28,804	28,804	28,804	28,804	28,804	28,804	28,804	28,804	28,804	28,804	28,804	28,804	28,804	28,804	28,804	28,804	28,804	28,804	28,804	28,804	28,804	28,804	28,804	28,804	28,804	28,804	28,804	28,804	28,804	28,804	28,804	28,804	28,804	28,804	28,804	28,804	28,804	28,804	28,804	28,804	28,804	28,804	28,804	28,804	28,804	28,804	28,804	28,804	28,804	28,804	28,804	28,804	28,804	28,804	28,804	28,804	28,804	28,804	28,804	28,804	28,804	28,804	28,804	28,804	28,804	28,804	28,804	28,804	28,804	28,804	28,804	28,804	28,804	28,804	28,804	28,804	28,804	28,804	28,804	28,804	28,804	28,804	28,804	28,804	28,804	28,804	28,804	28,804	28,804	28,804	28,804	28,804	28,804	28,804	28,804	28,804	28,804	28,804	28,804	28,804	28,804	28,804	28,804	28,804	28,804	28,804	28,804	28,804	28,804	28,804	28,804	28,804	28,804	28,804	28,804	28,804	28,804	28,804	28,804	28,804	28,804	28,804	28,804	28,804	28,804	28,804	28,804	28,804	28,804	28,804	28,804	28,804	28,804	28,804	28,804	28,804	28,804	28,804	28,804	28,804	28,804	28,804	28,804	28,804	28,804	28,804	28,804	28,804	28,804	28,804	28,804	28,804	28,804	28,804	28,804	28,804	28,804	28,802	28,802	28,802	28,802	28,802	28,802	28,802	28,802	28,802	28,802	28,802	28,802	28,802	28,802	28,802	28,802	28,802	28,802	28,802	28,802	28,802	28,802	28,802	28,802	28,802	28,802	28,802	28,802	28,802	28,802	28,802	28,802	28,802	28,802	28,802	28,802	28,802	28,802	28,802	28,802	28,802	28,802	28,802	28,802	28,802	28,802	28,802	28,802	28,802	28,802	28,802	28,802	28,802	28,802	28,802	28,802	28,802	28,802	28,802	28,802	28,802	28,802	28,802	28,802	28,802	28,802	28,802	28,802	28,802	28,802	28,802	28,802	28,802	28,802	28,802	28,802	28,802	28,802	28,802	28,802	28,802	28,802	28,802	28,802	28,802	28,802	28,802	28,802	28,802	28,802	28,802	28,802	28,802	28,802
1,401	1,400	1,400	1,401	1,400	1,400	1,400	1,401	1,400	1,400	1,400	1,400	1,400	1,400	1,401	1,400	1,400	1,400	1,400	1,400	1,400	1,400	1,400	1,400	1,401	1,400	1,400	1,400	1,400	1,400	1,400	1,400	1,400	1,400	1,400	1,400	1,400	1,400	1,400	1,399	1,399	1,400	1,400	1,400	1,400	1,400	1,400	1,400	1,400	1,401	1,401	1,401	1,401	1,401	1,401	1,401	1,402	1,403	1,404	1,405	1,406	1,406	1,405	1,405	1,405	1,405	1,404	1,404	1,403	1,402	1,403	1,403	1,403	1,403	1,402	1,402	1,403	1,403	1,404	1,404	1,404	1,404	1,403	1,403	1,403	1,404	1,404	1,404	1,403	1,403	1,403	1,403	1,403	1,404	1,404	1,403	1,403	1,403	1,403	1,403	1,403	1,403	1,404	1,404	1,404	1,405	1,404	1,404	1,404	1,404	1,404	1,404	1,405	1,405	1,405	1,405	1,405	1,405	1,405	1,406	1,405	1,405	1,405	1,405	1,405	1,406	1,406	1,406	1,406	1,406	1,406	1,406	1,406	1,405	1,405	1,406	1,406	1,407	1,407	1,407	1,406	1,406	1,407	1,407	1,407	1,407	1,407	1,407	1,407	1,408	1,408	1,408	1,408	1,408	1,408	1,408	1,408	1,408	1,409	1,409	1,409	1,409	1,409	1,409	1,410	1,410	1,410	1,410	1,409	1,409	1,409	1,409	1,409	1,408	1,407	1,407	1,406	1,405	1,404	1,403	1,402	1,402	1,401	1,401	1,401	1,400	1,400	1,400	1,401	1,401	1,401	1,400	1,401	1,401	1,400	1,401	1,401	1,401	1,401	1,400	1,401	1,401	1,401	1,400	1,401	1,400	1,401	1,400	1,400	1,401	1,400	1,400	1,400	1,400	1,400	1,400	1,400	1,400	1,400	1,400	1,400	1,400	1,400	1,400	1,400	1,400	1,401	1,401	1,400	1,400	1,400	1,400	1,400	1,400	1,399	1,400	1,399	1,399	1,399	1,399	1,400	1,399	1,400	1,400	1,400	1,400	1,400	1,400	1,400	1,400	1,400	1,400	1,400	1,399	1,400	1,400	1,400	1,400	1,400	1,400	1,400	1,400	1,401	1,401	1,401	1,400	1,400	1,400	1,400	1,400	1,400	1,400	1,400	1,400	1,400	1,400	1,400	1,400	1,400	1,400	1,401	1,400	1,400	1,400	1,400	1,400	1,401	1,400	1,400	1,400	1,400	1,400	1,400	1,400	1,400	1,400	1,400	1,400	1,400	1,400	1,400	1,400	1,399	1,399	1,400	1,400	1,400	1,399	1,399	1,400	1,400	1,400	1,400	1,400	1,400	1,400	1,399	1,400	1,400	1,400	1,400	1,400	1,400	1,399	1,400	1,400	1,400	1,400	1,400	1,400	1,400	1,400	1,400	1,400	1,401	1,400	1,400	1,400	1,400	1,400	1,400	1,400	1,400	1,400	1,400	1,400	1,400	1,400	1,401	1,401	1,401	1,401	1,400	1,400	1,400	1,400	1,400	1,400	1,400	1,400	1,400	1,401	1,400	1,400	1,400	1,400	1,400	1,400	1,401	1,401	1,400	1,400	1,400	1,400	1,400	1,400	1,400	1,400	1,399	1,399	1,400	1,400	1,400	1,400	1,400	1,400	1,400	1,400	1,400	1,400	1,400	1,400	1,400	1,400	1,400	1,400	1,400	1,399	1,399	1,399	1,399	1,399	1,399	1,399	1,400	1,400	1,400	1,400	1,400	1,400	1,400	1,400	1,400	1,401	1,400	1,400	1,400	1,400	1,400	1,400	1,401	1,401	1,401	1,401	1,400	1,400	1,400	1,400	1,399	1,399	1,400	1,400	1,400	1,400	1,400	1,400	1,400	1,400	1,400	1,400	1,399	1,401	1,401	1,401	1,400	1,400	1,400	1,400	1,400	1,400	1,400	1,400	1,400	1,400	1,400	1,400	1,400	1,400	1,399	1,399	1,399	1,398	1,398	1,398	1,398	1,398	1,398	1,398	1,397	1,397	1,397	1,397	1,397	1,397	1,398	1,399	1,400	1,401	1,402	1,402	1,401	1,401	1,401	1,401	1,401	1,401	1,400	1,401	1,400	1,401	1,401	1,400	1,400	1,400	1,400	1,400	1,400	1,401	1,400	1,401	1,401	1,401	1,401	1,401	1,401	1,401	1,401	1,401	1,401	1,401	1,401	1,400	1,400	1,400	1,400	1,401	1,400	1,400	1,401	1,401	1,400	1,400	1,400	1,400	1,400	1,400	1,400	1,401	1,401	1,401	1,401	1,400	1,399	1,399	1,399	1,399	1,399	1,399	1,400	1,400	1,399	1,400	1,400	1,400	1,400	1,400	1,401	1,400	1,401	1,401	1,400	1,400	1,400	1,400	1,401	1,400	1,400	1,400	1,399	1,399	1,400	1,400	1,399	1,399	1,400	1,400	1,401	1,400	1,401	1,401	1,400	1,400	1,400	1,400	1,400	1,400	1,400	1,400	1,400	1,401	1,401	1,401	1,400	1,399	1,399	1,399	1,400	1,400	1,400	1,400	1,401	1,400	1,400	1,401	1,401	1,401	1,401	1,400	1,400	1,400	1,400	1,400	1,400	1,400	1,401	1,401	1,401	1,400	1,400	1,400	1,400	1,400	1,400	1,400	1,400	1,401	1,400	1,400	1,400	1,400	1,399	1,399	1,400	1,400	1,399	1,399	1,400	1,400	1,400	1,399	1,399	1,399	1,399	1,399	1,400	1,400	1,399	1,399	1,399	1,398	1,398	1,398	1,399	1,398	1,399	1,399	1,399	1,399	1,400	1,400	1,400	1,401	1,401	1,401	1,401	1,401	1,399	1,399	1,400	1,401	1,401	1,402	1,402	1,401	1,400	1,399	1,399	1,399	1,399	1,399	1,399	1,398	1,398	1,398	1,398	1,399	1,398	1,398	1,399	1,400	1,401	1,401	1,402	1,402	1,402	1,400	1,400	1,400	1,400	1,399	1,398	1,397	1,395	1,394	1,391	1,389	1,386	1,384	1,381	1,379	1,374	1,370	1,365	1,362	1,358	1,356	1,355	1,355	1,358	1,361	1,369	1,376	1,386	1,391	1,394	1,394	1,393	1,392	1,392	1,390	1,389	1,387	1,387	1,386	1,386	1,386	1,386	1,388	1,391	1,395	1,401	1,406	1,412	1,416	1,426	1,433	1,446	1,455	1,471	1,483	1,501	1,513	1,532	1,552	1,565	1,490
0,000	0,000	0,000	0,000	0,000	0,000	0,000	0,000	0,000	0,000	0,000	0,000	0,000	0,000	0,009	0,024	0,026	0,023	0,015	0,015	0,006	0,000	0,000	0,000	0,000	0,008	0,016	0,020	0,023	0,022	0,017	0,016	0,019	0,016	0,015	0,000	0,013	0,013	0,017	0,012	0,000	0,000	0,000	0,000	0,000	0,000	0,000	0,000	0,000	0,000	0,000	0,000	0,000	0,000	0,000	0,000	0,000	0,000	0,000	0,000	0,020	0,040	0,059	0,085	0,107	0,121	0,132	0,140	0,143	0,146	0,150	0,154	0,157	0,161	0,163	0,165	0,167	0,170	0,173	0,178	0,182	0,186	0,189	0,191	0,194	0,197	0,201	0,206	0,210	0,212	0,215	0,217	0,220	0,223	0,227	0,230	0,232	0,235	0,237	0,240	0,242	0,244	0,246	0,249	0,251	0,255	0,258	0,261	0,264	0,266	0,268	0,270	0,273	0,277	0,280	0,283	0,285	0,287	0,290	0,296	0,300	0,304	0,307	0,310	0,312	0,314	0,317	0,320	0,323	0,327	0,331	0,334	0,337	0,340	0,342	0,344	0,346	0,351	0,356	0,360	0,363	0,366	0,369	0,373	0,376	0,380	0,383	0,386	0,388	0,392	0,396	0,399	0,402	0,405	0,409	0,412	0,416	0,419	0,422	0,425	0,428	0,431	0,434	0,436	0,441	0,447	0,452	0,456	0,459	0,462	0,468	0,473	0,478	0,482	0,485	0,488	0,491	0,494	0,496	0,498	0,500	0,501	0,502	0,503	0,503	0,503	0,503	0,503	0,504	0,504	0,504	0,504	0,504	0,504	0,505	0,505	0,505	0,505	0,506	0,506	0,506	0,506	0,506	0,506	0,507	0,507	0,507	0,507	0,507	0,508	0,508	0,508	0,508	0,508	0,508	0,508	0,508	0,509	0,508	0,508	0,509	0,509	0,509	0,508	0,508	0,508	0,508	0,509	0,509	0,509	0,509	0,509	0,509	0,509	0,509	0,509	0,509	0,508	0,508	0,508	0,508	0,507	0,507	0,507	0,507	0,507	0,507	0,507	0,507	0,507	0,507	0,506	0,507	0,507	0,506	0,506	0,506	0,506	0,506	0,506	0,506	0,506	0,506	0,506	0,506	0,507	0,507	0,507	0,507	0,507	0,507	0,507	0,507	0,507	0,507	0,508	0,508	0,507	0,507	0,507	0,507	0,508	0,508	0,508	0,508	0,508	0,508	0,508	0,508	0,508	0,508	0,508	0,508	0,508	0,508	0,508	0,508	0,508	0,508	0,508	0,509	0,509	0,509	0,509	0,509	0,508	0,508	0,508	0,508	0,508	0,507	0,507	0,507	0,507	0,508	0,508	0,507	0,507	0,507	0,507	0,507	0,507	0,507	0,507	0,507	0,506	0,507	0,507	0,506	0,506	0,506	0,506	0,506	0,506	0,506	0,507	0,507	0,507	0,507	0,507	0,507	0,507	0,507	0,507	0,507	0,507	0,507	0,507	0,507	0,507	0,508	0,508	0,508	0,508	0,508	0,508	0,508	0,509	0,509	0,509	0,509	0,509	0,509	0,509	0,509	0,509	0,509	0,509	0,509	0,509	0,509	0,509	0,509	0,510	0,509	0,509	0,510	0,510	0,510	0,510	0,509	0,509	0,509	0,509	0,509	0,508	0,508	0,508	0,508	0,508	0,508	0,508	0,508	0,508	0,509	0,509	0,509	0,509	0,509	0,508	0,508	0,508	0,507	0,507	0,507	0,507	0,507	0,507	0,507	0,507	0,506	0,506	0,506	0,506	0,507	0,507	0,507	0,507	0,507	0,507	0,507	0,507	0,507	0,508	0,508	0,508	0,509	0,509	0,509	0,508	0,508	0,508	0,508	0,508	0,508	0,508	0,508	0,508	0,508	0,508	0,507	0,507	0,507	0,507	0,508	0,508	0,508	0,508	0,508	0,508	0,507	0,507	0,508	0,508	0,507	0,508	0,507	0,507	0,507	0,507	0,507	0,507	0,507	0,506	0,505	0,505	0,504	0,504	0,504	0,503	0,501	0,500	0,499	0,497	0,496	0,494	0,493	0,493	0,494	0,494	0,495	0,496	0,496	0,497	0,497	0,498	0,498	0,499	0,499	0,499	0,499	0,499	0,500	0,500	0,500	0,500	0,500	0,500	0,500	0,500	0,501	0,501	0,501	0,502	0,502	0,502	0,502	0,503	0,503	0,503	0,504	0,504	0,504	0,504	0,504	0,504	0,504	0,504	0,504	0,505	0,505	0,505	0,505	0,506	0,506	0,505	0,505	0,505	0,505	0,505	0,506	0,506	0,506	0,506	0,506	0,506	0,506	0,505	0,505	0,505	0,505	0,505	0,505	0,504	0,504	0,504	0,504	0,504	0,504	0,504	0,505	0,505	0,505	0,505	0,505	0,505	0,506	0,506	0,506	0,506	0,505	0,506	0,506	0,506	0,505	0,505	0,504	0,504	0,505	0,505	0,505	0,505	0,505	0,506	0,505	0,505	0,505	0,505	0,505	0,505	0,505	0,506	0,506	0,506	0,506	0,506	0,505	0,505	0,505	0,504	0,505	0,505	0,505	0,505	0,505	0,506	0,506	0,507	0,507	0,507	0,507	0,507	0,507	0,506	0,506	0,506	0,507	0,507	0,507	0,507	0,507	0,507	0,507	0,507	0,507	0,507	0,507	0,507	0,507	0,508	0,508	0,507	0,507	0,507	0,507	0,506	0,506	0,506	0,506	0,506	0,506	0,506	0,506	0,505	0,505	0,505	0,504	0,504	0,505	0,505	0,504	0,503	0,502	0,502	0,501	0,501	0,500	0,499	0,499	0,498	0,498	0,498	0,498	0,499	0,500	0,501	0,501	0,500	0,499	0,499	0,499	0,499	0,500	0,501	0,503	0,503	0,503	0,503	0,502	0,502	0,502	0,502	0,501	0,501	0,500	0,499	0,498	0,497	0,495	0,494	0,494	0,494	0,494	0,495	0,496	0,497	0,497	0,497	0,498	0,499	0,500	0,501	0,502	0,503	0,504	0,505	0,505	0,505	0,506	0,507	0,509	0,510	0,511	0,511	0,511	0,510	0,510	0,506	0,443	0,374	0,315	0,265	0,230	0,214	0,208	0,206	0,205	0,204	0,204	0,203	0,202	0,200	0,198	0,196	0,195	0,194	0,188	0,138	0,059	0,000	0,000	0,000	0,000	0,000	0,000	0,000	0,000	0,000	0,000	0,000	0,000	0,000	0,000	0,000	0,000	0,000
